Webots Project File version R2023a
perspectives: 000000ff00000000fd00000002000000010000023000000289fc0200000001fb0000001400540065007800740045006400690074006f00720100000000000002890000008b00ffffff00000003000005e80000009bfc0100000001fc00000000000005e80000008700fffffffa000000000100000002fb0000001a0043006f006e0073006f006c00650041006c006c0041006c006c0100000000ffffffff0000008700fffffffb0000001a0043006f006e0073006f006c00650041006c006c0041006c006c0100000000ffffffff0000000000000000000003b60000028900000001000000020000000100000008fc00000000
simulationViewPerspectives: 000000ff000000010000000200000114000001ee0100000002010000000100
sceneTreePerspectives: 000000ff00000001000000030000001e000000c0000000fc0100000002010000000200
maximizedDockId: -1
centralWidgetVisible: 1
orthographicViewHeight: 1
textFiles: 0 "controllers/grocery_shopper/grocery_shopper.py"
consoles: Console:All:All
renderingDevicePerspectives: TIAGo Steel:camera;1;0.866667;0.0014881;0.00169779
renderingDevicePerspectives: TIAGo Steel:display;1;0.183333;0;0
